modello caricato
hook generato
Number of model parameters: 12721228
./input/DAVIS/00000.jpg
Immagini passate al modello
time = 1098.99
ATTIVAZIONE
<class 'torch.Tensor'>
torch.Size([1, 152, 272, 480])
tensor([[[[ 5.6672e-01,  1.1257e+00,  1.3670e+00,  ...,  2.0937e+00,
            1.9525e+00,  1.1843e+00],
          [ 1.5299e+00,  2.6320e+00,  3.0652e+00,  ...,  3.6891e+00,
            3.2601e+00,  2.0764e+00],
          [ 1.7755e+00,  3.1199e+00,  3.7211e+00,  ...,  4.1122e+00,
            3.5890e+00,  2.2663e+00],
          ...,
          [ 3.4922e+00,  6.5467e+00,  7.3650e+00,  ...,  6.9103e+00,
            6.6899e+00,  4.8860e+00],
          [ 7.0050e+00,  1.1364e+01,  1.2730e+01,  ...,  1.1830e+01,
            1.0397e+01,  6.4113e+00],
          [-4.9300e+00, -9.3102e+00, -1.1682e+01,  ..., -1.2614e+01,
           -1.0945e+01, -7.6341e+00]],

         [[ 7.5310e-01,  8.7412e-01,  1.0883e+00,  ...,  8.1326e-01,
            8.2016e-01,  8.1137e-01],
          [ 1.0653e+00,  1.4404e+00,  1.6901e+00,  ...,  1.2555e+00,
            1.1538e+00,  9.0255e-01],
          [ 1.1120e+00,  1.5270e+00,  1.7516e+00,  ...,  1.2430e+00,
            9.8256e-01,  7.4893e-01],
          ...,
          [ 3.4710e+00,  5.2051e+00,  5.5820e+00,  ...,  5.2319e+00,
            4.5989e+00,  2.8749e+00],
          [ 6.2055e+00,  9.2937e+00,  1.0609e+01,  ...,  1.0371e+01,
            9.1086e+00,  5.3905e+00],
          [ 3.2966e+00,  6.1526e+00,  7.6796e+00,  ...,  7.6805e+00,
            6.1698e+00,  3.2942e+00]],

         [[ 3.3648e-01,  4.8202e-01,  6.7296e-01,  ...,  3.9836e-01,
            1.0014e-01,  1.9980e-02],
          [ 4.1446e-01,  4.9497e-01,  6.7949e-01,  ...,  3.7739e-01,
            1.3442e-01, -1.6196e-02],
          [ 3.5066e-01,  4.0328e-01,  6.6250e-01,  ...,  5.6588e-01,
            4.0167e-01,  1.5199e-01],
          ...,
          [ 2.8236e+00,  3.2059e+00,  3.6444e+00,  ...,  3.1798e+00,
            2.3411e+00,  8.8564e-01],
          [ 4.7805e+00,  7.2087e+00,  9.1787e+00,  ...,  7.8017e+00,
            5.6252e+00,  2.9455e+00],
          [ 3.9119e+00,  6.3173e+00,  8.2192e+00,  ...,  7.1317e+00,
            5.5164e+00,  3.1051e+00]],

         ...,

         [[-1.0749e+00, -1.0578e+00, -7.0037e-01,  ..., -1.4778e+00,
           -1.3923e+00, -1.7112e+00],
          [-4.5359e-01, -6.9269e-02,  4.6848e-01,  ..., -6.3175e-01,
           -3.6462e-01, -1.0483e+00],
          [-1.0008e-01,  4.1776e-01,  9.6089e-01,  ..., -9.6879e-02,
            1.8354e-02, -4.4161e-01],
          ...,
          [-3.4954e+00, -3.5687e+00, -3.0478e+00,  ..., -1.4398e+00,
           -8.1028e-01, -1.6222e+00],
          [-1.7312e+01, -3.0065e+01, -3.3403e+01,  ..., -2.7271e+01,
           -2.4946e+01, -1.9352e+01],
          [-2.2245e+01, -3.4785e+01, -3.8147e+01,  ..., -3.3175e+01,
           -3.0067e+01, -2.0483e+01]],

         [[-1.4137e+00, -1.8541e+00, -1.8647e+00,  ..., -1.1295e+00,
           -1.0197e+00, -1.2408e+00],
          [-2.5147e+00, -3.2595e+00, -3.2178e+00,  ..., -1.7872e+00,
           -1.4896e+00, -1.4703e+00],
          [-3.2898e+00, -4.0835e+00, -4.0893e+00,  ..., -2.4820e+00,
           -1.8875e+00, -1.5474e+00],
          ...,
          [-1.0475e+00, -4.9366e-01,  2.3955e-01,  ...,  1.6550e+00,
            7.6083e-01, -1.1763e+00],
          [ 1.9923e-01,  2.7070e+00,  4.8248e+00,  ...,  6.2551e+00,
            4.8952e+00,  2.3518e+00],
          [-9.9601e+00, -1.5752e+01, -1.6506e+01,  ..., -1.3753e+01,
           -1.3330e+01, -1.0193e+01]],

         [[-3.4029e+00, -3.6131e+00, -3.5258e+00,  ..., -5.1115e+00,
           -4.9691e+00, -2.4541e+00],
          [-2.8639e+00, -1.7261e+00, -1.4562e+00,  ..., -4.8342e+00,
           -4.8117e+00, -2.3016e+00],
          [-3.2152e+00, -2.2291e+00, -1.8559e+00,  ..., -5.6530e+00,
           -5.5076e+00, -2.8844e+00],
          ...,
          [-2.0478e+01, -2.2057e+01, -2.3166e+01,  ..., -2.3156e+01,
           -1.8915e+01, -8.3790e+00],
          [-1.3272e+01, -1.0451e+01, -8.5770e+00,  ..., -7.8638e+00,
           -6.6516e+00, -1.5751e+00],
          [-2.5209e+01, -3.4758e+01, -3.6363e+01,  ..., -3.3857e+01,
           -3.1246e+01, -1.9700e+01]]]], device='cuda:0')
<class 'numpy.ndarray'>
(1, 152, 272, 480)
[[[[ 5.66715777e-01  1.12567914e+00  1.36703575e+00 ...  2.09373951e+00
     1.95249343e+00  1.18431532e+00]
   [ 1.52985501e+00  2.63196635e+00  3.06520295e+00 ...  3.68905830e+00
     3.26014709e+00  2.07641077e+00]
   [ 1.77549434e+00  3.11986899e+00  3.72107458e+00 ...  4.11215782e+00
     3.58902311e+00  2.26631975e+00]
   ...
   [ 3.49217534e+00  6.54668379e+00  7.36502218e+00 ...  6.91032219e+00
     6.68990517e+00  4.88600349e+00]
   [ 7.00495386e+00  1.13643341e+01  1.27298994e+01 ...  1.18303947e+01
     1.03972006e+01  6.41130304e+00]
   [-4.92998791e+00 -9.31022358e+00 -1.16815891e+01 ... -1.26138182e+01
    -1.09448271e+01 -7.63409853e+00]]

  [[ 7.53103077e-01  8.74122143e-01  1.08825886e+00 ...  8.13261867e-01
     8.20157707e-01  8.11367571e-01]
   [ 1.06528354e+00  1.44038916e+00  1.69009757e+00 ...  1.25554073e+00
     1.15379930e+00  9.02553976e-01]
   [ 1.11201358e+00  1.52703857e+00  1.75156045e+00 ...  1.24296367e+00
     9.82563078e-01  7.48930097e-01]
   ...
   [ 3.47097874e+00  5.20512295e+00  5.58203316e+00 ...  5.23187876e+00
     4.59891176e+00  2.87490225e+00]
   [ 6.20547962e+00  9.29368877e+00  1.06087952e+01 ...  1.03714533e+01
     9.10864067e+00  5.39045238e+00]
   [ 3.29664540e+00  6.15255308e+00  7.67957163e+00 ...  7.68048334e+00
     6.16978264e+00  3.29420924e+00]]

  [[ 3.36479515e-01  4.82017815e-01  6.72964454e-01 ...  3.98361742e-01
     1.00144088e-01  1.99802220e-02]
   [ 4.14456785e-01  4.94967878e-01  6.79485440e-01 ...  3.77390534e-01
     1.34420231e-01 -1.61955953e-02]
   [ 3.50656539e-01  4.03279722e-01  6.62502706e-01 ...  5.65881848e-01
     4.01674926e-01  1.51993781e-01]
   ...
   [ 2.82361484e+00  3.20588231e+00  3.64436793e+00 ...  3.17983723e+00
     2.34106612e+00  8.85638714e-01]
   [ 4.78049803e+00  7.20867777e+00  9.17873192e+00 ...  7.80170250e+00
     5.62515354e+00  2.94547033e+00]
   [ 3.91188121e+00  6.31728315e+00  8.21923542e+00 ...  7.13166475e+00
     5.51640987e+00  3.10505366e+00]]

  ...

  [[-1.07485068e+00 -1.05778730e+00 -7.00374782e-01 ... -1.47782314e+00
    -1.39229321e+00 -1.71124721e+00]
   [-4.53587353e-01 -6.92693144e-02  4.68481541e-01 ... -6.31746948e-01
    -3.64619941e-01 -1.04831219e+00]
   [-1.00078903e-01  4.17761981e-01  9.60891485e-01 ... -9.68791693e-02
     1.83543339e-02 -4.41605419e-01]
   ...
   [-3.49535966e+00 -3.56874537e+00 -3.04784203e+00 ... -1.43983746e+00
    -8.10275853e-01 -1.62221599e+00]
   [-1.73116302e+01 -3.00645351e+01 -3.34026909e+01 ... -2.72713394e+01
    -2.49463406e+01 -1.93518620e+01]
   [-2.22448254e+01 -3.47847252e+01 -3.81470451e+01 ... -3.31749802e+01
    -3.00668163e+01 -2.04832439e+01]]

  [[-1.41371000e+00 -1.85405195e+00 -1.86465859e+00 ... -1.12954032e+00
    -1.01966417e+00 -1.24077439e+00]
   [-2.51468468e+00 -3.25947022e+00 -3.21778989e+00 ... -1.78723085e+00
    -1.48959720e+00 -1.47025979e+00]
   [-3.28975773e+00 -4.08352327e+00 -4.08925867e+00 ... -2.48202610e+00
    -1.88748395e+00 -1.54737902e+00]
   ...
   [-1.04747224e+00 -4.93655801e-01  2.39547804e-01 ...  1.65501916e+00
     7.60830283e-01 -1.17630589e+00]
   [ 1.99230388e-01  2.70701289e+00  4.82483387e+00 ...  6.25511217e+00
     4.89515734e+00  2.35182714e+00]
   [-9.96013927e+00 -1.57520914e+01 -1.65056477e+01 ... -1.37534485e+01
    -1.33295488e+01 -1.01926470e+01]]

  [[-3.40293312e+00 -3.61305237e+00 -3.52581429e+00 ... -5.11145401e+00
    -4.96910667e+00 -2.45408368e+00]
   [-2.86387968e+00 -1.72613740e+00 -1.45623899e+00 ... -4.83423948e+00
    -4.81172466e+00 -2.30161095e+00]
   [-3.21519017e+00 -2.22909689e+00 -1.85591292e+00 ... -5.65303516e+00
    -5.50761461e+00 -2.88437200e+00]
   ...
   [-2.04780426e+01 -2.20573387e+01 -2.31661701e+01 ... -2.31564236e+01
    -1.89154301e+01 -8.37896252e+00]
   [-1.32722082e+01 -1.04513998e+01 -8.57702351e+00 ... -7.86376429e+00
    -6.65162611e+00 -1.57514691e+00]
   [-2.52089806e+01 -3.47579231e+01 -3.63628998e+01 ... -3.38572693e+01
    -3.12456932e+01 -1.96999664e+01]]]]/home/dmilesi/.conda/envs/panorama/lib/python3.7/site-packages/torch/nn/functional.py:3704: UserWarning: nn.functional.upsample is deprecated. Use nn.functional.interpolate instead.
  warnings.warn("nn.functional.upsample is deprecated. Use nn.functional.interpolate instead.")
/home/dmilesi/Tesi/OpticalExpansion_original/expansion/models/VCN_exp.py:61: UserWarning: where received a uint8 condition tensor. This behavior is deprecated and will be removed in a future version of PyTorch. Use a boolean condition instead. (Triggered internally at  ../aten/src/ATen/native/TensorCompare.cpp:333.)
  x = torch.where(mask.byte(),oldx,ninf)

Traceback (most recent call last):
  File "submission.py", line 302, in <module>
    main()
  File "submission.py", line 195, in main
    print(1/0)
ZeroDivisionError: division by zero
